20150721	2348	33.15	40.45	40.45	33.15	2999	NULL
20150721	3701	8.97	8.90	8.97	8.90	3993	NULL
20150721	1456	NULL	NULL	NULL	NULL	25	6.12
20150721	9926	NULL	NULL	NULL	NULL	760	43.40
20150721	2321	NULL	NULL	NULL	NULL	529	1.85
20150721	5259	14.85	13.55	15.15	13.55	2341000	NULL
20150721	2496	NULL	NULL	NULL	NULL	100	7.11
20150721	2429	NULL	NULL	NULL	NULL	0	NULL
20150721	9802	66.90	66.90	66.90	66.90	1066756	NULL
20150722	2540	NULL	NULL	NULL	NULL	1	32.75
20150722	2348	NULL	NULL	NULL	NULL	0	NULL
20150722	1470	NULL	NULL	NULL	NULL	0	16.30
20150722	1475	NULL	NULL	NULL	NULL	0	8.77
20150722	3051	9.41	8.46	9.45	8.46	7009926	NULL
20150722	1469	NULL	NULL	NULL	NULL	0	12.50
20150722	1456	6.20	6.15	6.20	6.15	12000	NULL
20150722	2429	15.00	15.00	15.00	15.00	1000	NULL
20150722	9802	60.30	60.30	60.30	60.30	1486004	NULL
20150723	2348	NULL	NULL	NULL	NULL	0	NULL
20150723	3051	8.25	7.62	8.32	7.62	5239301	NULL
20150723	2361	NULL	NULL	NULL	NULL	112	1.40
20150723	3031	11.10	9.90	11.10	9.90	2257311	NULL
20150723	2496	7.07	7.07	7.07	7.07	23000	NULL
20150723	1529	NULL	NULL	NULL	NULL	0	3.55
20150723	2429	14.50	14.50	14.50	14.50	1000	NULL
20150723	2436	21.40	19.30	21.90	19.30	5822417	NULL
20150723	6235	9.90	8.95	9.90	8.95	2085000	NULL
20150723	9802	53.10	52.10	53.60	52.10	10619935	NULL
20150724	9931	NULL	NULL	NULL	NULL	2	31.60
20150724	1337	17.30	15.55	17.30	15.55	6925505	NULL
20150724	2348	NULL	NULL	NULL	NULL	0	NULL
20150724	1456	NULL	NULL	NULL	NULL	2	NULL
20150724	9926	NULL	NULL	NULL	NULL	0	43.90
20150724	2496	NULL	NULL	NULL	NULL	1	6.50
20150724	9157	1.93	1.76	1.94	1.76	228000	NULL
20150724	9802	47.65	46.90	48.30	46.90	4940980	NULL
20150727	3257	41.20	39.50	42.95	39.50	1225482	NULL
20150727	6153	26.60	24.05	27.80	24.05	9822201	NULL
20150727	3686	8.10	7.29	8.19	7.29	4661204	NULL
20150727	3149	15.50	14.20	15.70	14.20	1824646	NULL
20150727	3006	29.10	28.45	30.75	28.45	6484401	NULL
20150727	2387	12.80	11.70	13.05	11.70	4784458	NULL
20150727	3588	29.50	27.00	29.70	27.00	927190	NULL
20150727	1516	NULL	NULL	NULL	NULL	0	25.20
20150727	2614	5.22	4.91	5.39	4.91	3987546	NULL
20150727	3450	119.00	109.00	120.00	109.00	3182353	NULL
20150727	6239	58.00	52.90	58.00	52.90	8999635	NULL
20150727	3019	28.35	25.60	28.75	25.60	4733060	NULL
20150727	9942	80.60	75.20	82.00	75.20	558320	NULL
20150727	2460	9.34	8.43	9.34	8.43	647106	NULL
20150727	2348	NULL	NULL	NULL	NULL	0	NULL
20150727	8163	15.15	14.05	15.40	14.05	2024963	NULL
20150727	3704	12.40	11.25	12.55	11.25	2807378	NULL
20150727	1471	4.57	4.12	4.57	4.12	1291601	NULL
20150727	8429	52.00	47.65	52.00	47.65	1781668	NULL
20150727	2402	23.50	21.25	23.60	21.25	4944501	NULL
20150727	6243	16.50	15.50	17.00	15.50	1565201	NULL
20150727	4733	206.50	189.50	209.50	189.50	3252568	NULL
20150727	3698	16.65	15.30	17.20	15.30	6211511	NULL
20150727	3011	6.13	5.71	6.26	5.71	822000	NULL
20150727	3694	19.80	17.90	20.20	17.90	2708000	NULL
20150727	8374	13.20	12.10	13.25	12.10	490002	NULL
20150727	3545	27.80	25.50	28.30	25.50	7515261	NULL
20150727	3055	13.55	12.55	13.80	12.55	897210	NULL
20150727	2388	5.01	4.59	5.10	4.59	154828	NULL
20150727	8021	22.05	20.40	22.65	20.40	2890010	NULL
20150727	2419	11.90	10.85	12.00	10.85	3470912	NULL
20150727	2443	13.80	12.60	13.80	12.60	1190002	NULL
20150727	9106	5.00	4.95	5.29	4.95	70000	NULL
20150727	2369	11.20	10.20	11.30	10.20	2375215	NULL
20150727	2426	12.90	11.70	13.00	11.70	3274255	NULL
20150727	8261	22.35	20.25	22.35	20.25	758407	NULL
20150727	1456	NULL	NULL	NULL	NULL	119	NULL
20150727	3437	30.00	27.00	30.00	27.00	1290065	NULL
20150727	6449	27.05	24.70	27.15	24.70	327000	NULL
20150727	3229	26.50	24.65	26.90	24.65	854500	NULL
20150727	1786	58.30	52.90	59.10	52.90	810862	NULL
20150727	3041	14.10	12.80	14.30	12.80	3531311	NULL
20150727	2499	20.30	18.45	20.30	18.45	5042627	NULL
20150727	5259	12.85	11.85	13.15	11.85	1566050	NULL
20150727	2496	NULL	NULL	NULL	NULL	0	NULL
20150727	6451	155.00	140.00	155.00	140.00	831500	NULL
20150727	4108	20.20	18.35	20.20	18.35	1109102	NULL
20150727	3432	13.30	12.45	13.70	12.45	504000	NULL
20150727	2601	11.45	10.40	11.50	10.40	3464026	NULL
20150727	6165	6.90	6.70	6.90	6.70	32427	NULL
20150727	9157	1.88	1.59	1.88	1.59	187000	NULL
20150727	2352	9.99	9.00	9.99	9.00	20585031	NULL
20150727	9802	43.00	42.25	44.40	42.25	4077425	NULL
20150727	4725	16.85	15.30	17.00	15.30	1334060	NULL
20150727	6230	69.10	63.00	69.90	63.00	807000	NULL
20150728	2348	NULL	NULL	NULL	NULL	0	NULL
20150728	2443	11.35	11.35	11.35	11.35	197610	NULL
20150728	2364	2.01	1.85	2.05	1.85	384810	NULL
20150728	2361	NULL	NULL	NULL	NULL	60	1.32
20150728	1456	6.15	6.15	6.15	6.15	1800	NULL
20150728	2108	24.75	21.75	24.75	21.75	7613029	NULL
20150728	2496	NULL	NULL	NULL	NULL	0	NULL
20150728	9157	1.44	1.44	1.45	1.44	262000	NULL
20150728	2429	NULL	NULL	NULL	NULL	0	12.50
20150729	9931	NULL	NULL	NULL	NULL	44	31.80
20150729	2540	NULL	NULL	NULL	NULL	9	33.75
20150729	2348	NULL	NULL	NULL	NULL	0	NULL
20150729	2379	68.50	63.20	68.50	63.20	9267272	NULL
20150729	3052	9.00	9.00	9.30	9.00	4377624	NULL
20150729	8150	33.20	29.90	33.50	29.90	5209919	NULL
20150729	2443	10.25	10.25	10.25	10.25	89000	NULL
20150729	1456	6.00	6.00	6.00	6.00	10924	NULL
20150729	2321	NULL	NULL	NULL	NULL	423	1.65
20150729	2496	NULL	NULL	NULL	NULL	0	7.07
20150729	9157	1.30	1.30	1.30	1.30	315000	NULL
20150729	2722	NULL	NULL	NULL	NULL	151	44.50
20150729	9802	38.20	35.05	38.20	35.05	6258628	NULL
20150730	2348	NULL	NULL	NULL	NULL	0	NULL
20150730	2443	9.23	9.23	9.23	9.23	139001	NULL
20150730	2425	20.00	17.85	20.00	17.85	795781	NULL
20150730	1456	5.99	6.00	6.00	5.95	14097	NULL
20150730	2496	NULL	NULL	NULL	NULL	0	NULL
20150731	9931	NULL	NULL	NULL	NULL	0	31.75
20150731	2348	NULL	NULL	NULL	NULL	0	NULL
20150731	6172	NULL	NULL	NULL	NULL	0	5.02
20150731	1470	NULL	NULL	NULL	NULL	0	17.65
20150731	6225	4.22	4.21	4.22	4.21	22900	NULL
20150731	3694	16.55	14.90	16.80	14.90	5147050	NULL
20150731	3673	120.00	108.00	122.00	108.00	31841962	NULL
20150731	2443	8.31	8.31	8.31	8.31	466000	NULL
20150731	2425	16.10	16.35	16.50	16.10	1885599	NULL
20150731	1456	5.40	6.40	6.40	5.40	90022	NULL
20150731	9926	NULL	NULL	NULL	NULL	0	44.40
20150731	2496	NULL	NULL	NULL	NULL	0	NULL
20150731	1529	NULL	NULL	NULL	NULL	51	3.55
20150731	2439	48.60	45.90	48.80	45.90	7500219	NULL
20150803	2348	NULL	NULL	NULL	NULL	0	NULL
20150803	1470	NULL	NULL	NULL	NULL	0	17.65
20150803	2454	299.00	299.00	299.00	299.00	5081343	NULL
20150803	3694	14.50	13.45	15.00	13.45	4391330	NULL
20150803	3545	24.00	22.05	24.00	22.05	6192553	NULL
20150803	2443	7.48	7.48	7.48	7.48	261178	NULL
20150803	3584	10.00	9.23	10.00	9.23	2849207	NULL
20150803	1729	55.10	49.95	55.10	49.95	3823035	NULL
20150803	2361	NULL	NULL	NULL	NULL	0	1.07
20150803	2425	15.35	14.75	15.45	14.75	690371	NULL
20150803	1456	NULL	NULL	NULL	NULL	0	NULL
20150803	2496	7.28	7.28	7.28	7.28	1000	NULL
20150803	2429	NULL	NULL	NULL	NULL	0	12.70
20150804	1539	33.30	29.60	33.40	29.60	2382444	NULL
20150804	2348	NULL	NULL	NULL	NULL	0	NULL
20150804	6172	NULL	NULL	NULL	NULL	0	4.60
20150804	3413	60.30	54.00	60.70	54.00	1117105	NULL
20150804	6456	127.50	114.00	129.50	114.00	3595060	NULL
20150804	3593	9.18	8.10	9.18	8.10	473002	NULL
20150804	1506	17.60	15.85	17.60	15.85	543334	NULL
20150804	2443	6.74	6.74	6.74	6.74	435002	NULL
20150804	2444	13.15	11.75	13.30	11.75	1915079	NULL
20150804	3576	23.45	21.25	23.60	21.25	21382001	NULL
20150804	2425	13.30	13.30	13.30	13.30	230000	NULL
20150804	1455	11.50	10.30	11.60	10.30	22837516	NULL
20150804	1452	32.10	28.80	32.30	28.80	14396635	NULL
20150804	2496	NULL	NULL	NULL	NULL	0	NULL
20150804	6269	106.50	95.00	109.50	95.00	22168521	NULL
20150804	2439	44.80	40.35	45.60	40.35	8158185	NULL
20150804	2429	NULL	NULL	NULL	NULL	0	12.65
20150804	2431	14.75	13.50	15.15	13.50	1826027	NULL
20150805	4426	119.50	108.50	119.50	108.50	6057378	NULL
20150805	2348	NULL	NULL	NULL	NULL	0	NULL
20150805	2443	6.07	6.07	6.07	6.07	854221	NULL
20150805	2424	NULL	NULL	NULL	NULL	0	30.75
20150805	2425	12.00	12.00	12.00	12.00	1826360	NULL
20150805	2496	7.50	7.50	7.50	7.50	2175	NULL
20150805	2429	12.60	12.60	12.60	12.60	2000	NULL
20150806	9931	NULL	NULL	NULL	NULL	2	32.05
20150806	2348	NULL	NULL	NULL	NULL	0	NULL
20150806	6172	NULL	NULL	NULL	NULL	0	4.52
20150806	3665	140.50	130.50	140.50	130.50	4478070	NULL
20150806	2440	NULL	NULL	NULL	NULL	0	8.37
20150806	3008	2890.00	2720.00	2915.00	2720.00	2218470	NULL
20150806	2424	NULL	NULL	NULL	NULL	0	30.15
20150806	1456	NULL	NULL	NULL	NULL	692	NULL
20150806	2496	7.90	7.90	7.90	7.90	7000	NULL
20150806	2356	17.90	16.10	18.00	16.10	17381627	NULL
20150807	9931	NULL	NULL	NULL	NULL	240	31.95
20150807	2540	NULL	NULL	NULL	NULL	49	34.00
20150807	2348	NULL	NULL	NULL	NULL	0	NULL
20150807	2712	NULL	NULL	NULL	NULL	0	24.20
20150807	2443	5.58	5.28	5.58	5.28	3732677	NULL
20150807	2424	NULL	NULL	NULL	NULL	39	30.05
20150807	1456	NULL	NULL	NULL	NULL	0	NULL
20150807	9928	NULL	NULL	NULL	NULL	508	9.81
20150807	2498	63.00	63.00	63.00	63.00	2565493	NULL
20150807	2496	NULL	NULL	NULL	NULL	0	NULL
20150807	2429	NULL	NULL	NULL	NULL	0	12.00
20150810	9931	NULL	NULL	NULL	NULL	53	31.95
20150810	2348	NULL	NULL	NULL	NULL	0	NULL
20150810	1470	NULL	NULL	NULL	NULL	0	18.75
20150810	9106	NULL	NULL	NULL	NULL	0	4.37
20150810	2361	NULL	NULL	NULL	NULL	740	1.09
20150810	1456	NULL	NULL	NULL	NULL	0	NULL
20150810	2496	NULL	NULL	NULL	NULL	521	NULL
20150810	1418	NULL	NULL	NULL	NULL	3	6.46
20150810	2429	14.00	14.00	14.00	14.00	1000	NULL
20150810	1805	NULL	NULL	NULL	NULL	0	7.82
20150811	2348	NULL	NULL	NULL	NULL	0	NULL
20150811	3706	25.60	23.85	25.75	23.85	28408810	NULL
20150811	3673	114.50	101.50	116.50	101.50	28070026	NULL
20150811	1456	NULL	NULL	NULL	NULL	902	NULL
20150811	2496	NULL	NULL	NULL	NULL	0	NULL
20150811	2475	0.89	0.81	0.89	0.81	5053060	NULL
20150811	4106	36.40	34.15	36.40	34.15	2443415	NULL
20150811	2429	NULL	NULL	NULL	NULL	0	NULL
20150812	3060	58.60	55.50	59.70	55.50	6254334	NULL
20150812	2348	NULL	NULL	NULL	NULL	0	NULL
20150812	6225	NULL	NULL	NULL	NULL	43	4.18
20150812	9914	182.00	172.00	184.00	172.00	3957520	NULL
20150812	1469	NULL	NULL	NULL	NULL	0	12.70
20150812	1456	NULL	NULL	NULL	NULL	0	NULL
20150812	2496	7.80	7.80	7.80	7.80	2000	NULL
20150812	2429	NULL	NULL	NULL	NULL	0	NULL
20150813	3060	55.00	49.95	55.30	49.95	12603981	NULL
20150813	2348	NULL	NULL	NULL	NULL	0	NULL
20150813	2424	NULL	NULL	NULL	NULL	0	29.00
20150813	1456	NULL	NULL	NULL	NULL	0	NULL
20150813	9926	NULL	NULL	NULL	NULL	0	43.50
20150813	2496	NULL	NULL	NULL	NULL	13	7.04
20150813	2429	NULL	NULL	NULL	NULL	0	12.80
20150814	2540	NULL	NULL	NULL	NULL	0	33.20
20150814	2348	37.00	37.00	37.00	37.00	4285	NULL
20150814	1470	NULL	NULL	NULL	NULL	0	17.65
20150814	9911	19.20	17.90	19.20	17.90	1046134	NULL
20150814	1469	NULL	NULL	NULL	NULL	0	12.85
20150814	1456	NULL	NULL	NULL	NULL	0	NULL
20150814	5259	10.70	10.30	10.95	10.30	4385000	NULL
20150814	2496	7.85	7.85	7.85	7.85	4359	NULL
20150814	2429	NULL	NULL	NULL	NULL	528	13.75
20150817	1337	14.50	14.50	14.50	14.50	873589	NULL
20150817	2348	NULL	NULL	NULL	NULL	100	NULL
20150817	1470	NULL	NULL	NULL	NULL	0	17.55
20150817	1715	12.80	11.95	12.85	11.95	1904158	NULL
20150817	2712	NULL	NULL	NULL	NULL	0	23.60
20150817	1469	NULL	NULL	NULL	NULL	0	12.75
20150817	6442	59.20	53.60	59.20	53.60	1274342	NULL
20150817	3584	8.29	7.61	8.36	7.61	2633043	NULL
20150817	2444	10.10	10.05	10.35	10.05	1425000	NULL
20150817	3312	9.90	9.05	9.93	9.05	1476229	NULL
20150817	2424	NULL	NULL	NULL	NULL	0	28.60
20150817	1456	6.29	6.34	6.34	6.29	11365	NULL
20150817	2321	1.50	1.40	1.50	1.40	39000	NULL
20150817	2496	7.80	7.80	7.80	7.80	1000	NULL
20150817	2429	NULL	NULL	NULL	NULL	0	14.20
20150817	6230	64.00	58.40	64.00	58.40	1505411	NULL
20150818	3383	8.97	8.08	9.00	8.08	3309791	NULL
20150818	2348	NULL	NULL	NULL	NULL	0	NULL
20150818	6225	NULL	NULL	NULL	NULL	0	3.90
20150818	2424	NULL	NULL	NULL	NULL	0	28.80
20150818	1456	NULL	NULL	NULL	NULL	172	NULL
20150818	2496	NULL	NULL	NULL	NULL	0	NULL
20150818	1418	5.51	5.51	5.54	5.51	328051	NULL
20150818	2429	NULL	NULL	NULL	NULL	0	NULL
20150819	2910	28.10	25.35	28.15	25.35	65000	NULL
20150819	1516	28.90	26.45	28.90	26.45	37000	NULL
20150819	2348	NULL	NULL	NULL	NULL	0	NULL
20150819	5534	55.10	49.90	55.10	49.90	1370345	NULL
20150819	6225	NULL	NULL	NULL	NULL	0	3.80
20150819	2413	11.20	10.10	11.20	10.10	966301	NULL
20150819	1456	NULL	NULL	NULL	NULL	0	NULL
20150819	2496	NULL	NULL	NULL	NULL	0	NULL
20150819	1418	NULL	NULL	NULL	NULL	3	NULL
20150819	2429	NULL	NULL	NULL	NULL	0	NULL
20150820	1516	23.85	23.85	23.85	23.85	5001	None
20150820	2348	None	None	None	None	0	None
20150820	1456	None	None	None	None	0	None
20150820	5243	30.35	27.9	30.35	27.9	2197918	None
20150820	2496	None	None	None	None	0	None
20150820	1418	None	None	None	None	0	None
20150820	2429	14.5	14.5	14.5	14.5	1000	None
20150821	3257	40.7	36.65	40.7	36.65	308792	None
20150821	4737	51.6	47.55	51.6	47.55	377136	None
20150821	3686	5.96	5.45	5.96	5.45	6846371	None
20150821	3025	8.11	7.52	8.22	7.52	446018	None
20150821	1516	21.5	21.5	21.5	21.5	16000	None
20150821	3518	39.5	36.85	40.45	36.85	878211	None
20150821	3514	14.5	13.3	14.55	13.3	6913874	None
20150821	2348	None	None	None	None	0	None
20150821	3406	49.5	45.45	49.9	45.45	1893331	None
20150821	2406	17.05	15.75	17.1	15.75	8457560	None
20150821	2405	6.9	6.29	6.9	6.29	4504016	None
20150821	4733	193	180	196.5	180	4665495	None
20150821	6225	None	None	None	None	0	3.8
20150821	3561	13.25	12.2	13.25	12.2	4342408	None
20150821	8201	6.8	6.12	6.8	6.12	333205	None
20150821	3694	12.55	11.5	12.55	11.5	2116000	None
20150821	3673	82.7	76.8	83.5	76.8	22893961	None
20150821	1615	None	None	None	None	0	9.75
20150821	3576	17.55	16.35	17.6	16.35	16658828	None
20150821	9106	3.96	3.89	3.96	3.89	30000	None
20150821	1213	15.6	14.5	15.6	14.5	309050	None
20150821	2424	None	None	None	None	845	None
20150821	1456	None	None	None	None	0	None
20150821	2498	48.2	44.55	48.5	44.55	28688960	None
20150821	2496	None	None	None	None	100	None
20150821	1418	4.03	4.03	4.03	4.03	5001	None
20150821	2429	None	None	None	None	300	14.8
20150821	2431	12	11.25	12	11.25	1433125	None
20150821	3519	11.85	10.95	11.85	10.95	4605313	None
20150824	3383	6.56	6.29	6.57	6.29	3709156	NULL
20150824	4141	30.50	28.80	30.80	28.80	1028124	NULL
20150824	3257	33.20	33.00	35.20	33.00	757065	NULL
20150824	9933	43.00	39.70	43.00	39.70	1789250	NULL
20150824	2910	23.05	21.60	23.05	21.60	52000	NULL
20150824	2911	12.50	12.45	13.00	12.45	515219	NULL
20150824	2915	50.00	46.55	50.00	46.55	7226400	NULL
20150824	6152	6.17	5.90	6.34	5.90	1181928	NULL
20150824	6153	24.75	22.95	24.90	22.95	7182024	NULL
20150824	5469	7.70	7.10	7.75	7.10	4318818	NULL
20150824	4737	43.50	42.80	45.00	42.80	327529	NULL
20150824	2314	7.50	6.98	7.59	6.98	791143	NULL
20150824	2312	9.78	9.00	9.81	9.00	11858417	NULL
20150824	5269	119.00	117.00	120.50	117.00	655657	NULL
20150824	3686	5.01	4.91	5.09	4.91	5806153	NULL
20150824	6431	9.40	8.60	9.54	8.60	104163	NULL
20150824	3025	6.90	6.77	7.10	6.77	487428	NULL
20150824	2383	69.00	63.00	69.50	63.00	6150784	NULL
20150824	1338	77.20	71.20	78.00	71.20	1179008	NULL
20150824	3588	24.00	21.95	24.00	21.95	508639	NULL
20150824	1337	11.40	10.75	11.45	10.75	2260264	NULL
20150824	1453	8.47	7.72	8.47	7.72	637423	NULL
20150824	2488	27.80	25.60	27.80	25.60	2709200	NULL
20150824	1533	36.80	34.65	37.00	34.65	770209	NULL
20150824	1512	3.42	3.14	3.42	3.14	486005	NULL
20150824	1538	4.19	4.16	4.53	4.16	279002	NULL
20150824	2611	7.95	7.30	7.95	7.30	768373	NULL
20150824	8411	24.15	23.85	26.00	23.85	394939	NULL
20150824	3450	107.50	98.60	107.50	98.60	3084276	NULL
20150824	3518	33.60	33.20	35.80	33.20	990105	NULL
20150824	3514	12.00	12.00	12.40	12.00	5541733	NULL
20150824	3019	26.00	23.95	26.20	23.95	4872722	NULL
20150824	9943	58.40	53.70	58.40	53.70	2163328	NULL
20150824	3060	48.20	44.55	49.00	44.55	3838000	NULL
20150824	9944	33.40	30.60	34.00	30.60	388004	NULL
20150824	2465	7.80	7.40	7.95	7.40	628501	NULL
20150824	2340	7.56	7.41	7.87	7.41	4465666	NULL
20150824	2228	130.00	122.00	131.00	122.00	1071133	NULL
20150824	2342	2.91	2.79	2.91	2.79	598884	NULL
20150824	2348	NULL	NULL	NULL	NULL	0	NULL
20150824	5531	10.40	9.63	10.40	9.63	1384086	NULL
20150824	3701	8.10	8.89	8.89	8.10	2391	NULL
20150824	3706	20.10	18.75	20.20	18.75	14662681	NULL
20150824	2534	14.65	13.60	15.10	13.60	2263001	NULL
20150824	3406	42.60	40.95	44.00	40.95	1764550	NULL
20150824	8429	53.30	49.95	54.00	49.95	1132500	NULL
20150824	8011	16.50	16.05	17.00	16.05	1013648	NULL
20150824	2406	14.90	14.20	15.10	14.20	4049616	NULL
20150824	2402	15.15	14.35	15.40	14.35	2834880	NULL
20150824	4984	23.00	23.00	24.00	23.00	959005	NULL
20150824	4733	166.00	162.00	170.00	162.00	1010975	NULL
20150824	9906	25.30	22.90	25.75	22.90	126055	NULL
20150824	9904	47.00	44.15	48.10	44.15	14913331	NULL
20150824	3561	11.10	11.00	11.50	11.00	2347409	NULL
20150824	9902	9.12	8.73	9.28	8.73	978311	NULL
20150824	6456	113.50	106.00	115.00	106.00	2012180	NULL
20150824	4137	217.50	201.50	219.00	201.50	408124	NULL
20150824	3593	7.65	7.30	7.66	7.30	454012	NULL
20150824	3665	125.00	116.00	126.00	116.00	3829510	NULL
20150824	3661	39.10	35.95	39.10	35.95	963038	NULL
20150824	3669	13.40	13.40	13.40	13.40	143009	NULL
20150824	2377	24.00	22.20	24.15	22.20	7165263	NULL
20150824	2371	4.99	4.59	4.99	4.59	19857326	NULL
20150824	1340	55.00	51.20	55.20	51.20	1250000	NULL
20150824	2456	43.65	40.05	43.75	40.05	3666518	NULL
20150824	2450	45.75	41.70	45.75	41.70	527050	NULL
20150824	8110	7.31	6.75	7.49	6.75	1726017	NULL
20150824	3694	10.35	10.35	10.70	10.35	2168630	NULL
20150824	8374	9.58	9.27	9.90	9.27	324483	NULL
20150824	3545	21.75	19.75	21.75	19.75	5363030	NULL
20150824	3443	53.00	53.00	56.30	53.00	1548000	NULL
20150824	5215	27.30	26.65	29.00	26.65	412005	NULL
20150824	3673	76.00	69.20	77.40	69.20	26630747	NULL
20150824	3596	20.00	19.20	20.30	19.20	1823668	NULL
20150824	3058	7.83	7.20	7.83	7.20	757000	NULL
20150824	3059	21.80	20.45	21.80	20.45	1354540	NULL
20150824	3056	16.00	15.00	16.40	15.00	1684150	NULL
20150824	3057	13.80	12.90	14.00	12.90	2127001	NULL
20150824	3055	10.85	10.20	10.85	10.20	2102743	NULL
20150824	3029	15.70	15.35	16.20	15.35	3592565	NULL
20150824	2236	21.00	20.80	22.30	20.80	40006	NULL
20150824	1762	27.95	25.65	28.00	25.65	1024006	NULL
20150824	1262	121.00	112.50	121.00	112.50	300100	NULL
20150824	6251	8.90	8.08	8.97	8.08	1734319	NULL
20150824	2524	21.95	20.25	21.95	20.25	553476	NULL
20150824	2520	14.40	13.80	14.50	13.80	6767535	NULL
20150824	2482	12.00	11.85	12.30	11.85	446053	NULL
20150824	1409	8.06	7.47	8.17	7.47	6870920	NULL
20150824	1463	15.00	13.75	15.00	13.75	2403000	NULL
20150824	1314	7.25	6.97	7.50	6.97	29624494	NULL
20150824	1310	12.00	11.30	12.05	11.30	10558993	NULL
20150824	6442	44.00	41.50	44.00	41.50	1001153	NULL
20150824	6226	5.50	5.13	5.54	5.13	487848	NULL
20150824	2417	8.80	8.33	8.85	8.33	2099544	NULL
20150824	2419	11.10	10.35	11.20	10.35	1428001	NULL
20150824	4977	52.20	52.50	53.00	50.90	538867	NULL
20150824	3584	5.82	5.35	5.82	5.35	1483016	NULL
20150824	6702	6.98	6.29	6.98	6.29	3107111	NULL
20150824	9910	198.50	183.00	201.00	183.00	2204377	NULL
20150824	3576	15.60	14.75	15.80	14.75	8377615	NULL
20150824	6214	50.80	47.10	51.00	47.10	5142915	NULL
20150824	8210	29.40	27.45	29.50	27.45	992005	NULL
20150824	3005	18.90	17.50	19.20	17.50	8392716	NULL
20150824	3003	29.20	26.90	29.25	26.90	2192600	NULL
20150824	1589	180.00	168.50	180.50	168.50	1259139	NULL
20150824	2207	350.00	320.50	350.00	320.50	630110	NULL
20150824	1583	60.20	57.90	62.80	57.90	104063	NULL
20150824	2368	7.82	7.41	8.05	7.41	7122173	NULL
20150824	2365	8.42	7.92	8.42	7.92	1238540	NULL
20150824	2363	5.00	4.73	5.00	4.73	2825348	NULL
20150824	1217	6.81	6.33	6.89	6.33	3226001	NULL
20150824	2424	27.90	27.90	27.90	27.90	4000	NULL
20150824	2426	9.70	9.27	10.05	9.27	4245144	NULL
20150824	2427	5.45	4.97	5.45	4.97	897000	NULL
20150824	4934	11.60	10.85	11.60	10.85	4120562	NULL
20150824	1455	9.35	9.00	9.45	9.00	8244372	NULL
20150824	1456	5.80	5.71	5.80	5.71	16000	NULL
20150824	2108	23.40	21.60	23.40	21.60	4824697	NULL
20150824	2731	127.50	119.50	127.50	119.50	549730	NULL
20150824	3532	26.35	24.65	27.30	24.65	668050	NULL
20150824	3535	6.41	6.03	6.41	6.03	569008	NULL
20150824	3536	7.21	6.93	7.21	6.93	19066	NULL
20150824	8404	23.10	21.70	23.65	21.70	3315856	NULL
20150824	6414	251.00	234.50	252.00	234.50	1874857	NULL
20150824	2038	5.65	5.17	5.65	5.10	274000	NULL
20150824	3094	17.10	16.85	17.60	16.85	1223207	NULL
20150824	4164	39.70	38.20	40.10	38.20	685598	NULL
20150824	1609	4.45	4.05	4.45	4.05	3511603	NULL
20150824	1608	6.80	6.14	6.80	6.14	1286933	NULL
20150824	6191	5.50	5.38	5.70	5.38	2079200	NULL
20150824	9927	32.40	29.25	32.40	29.25	1194352	NULL
20150824	3041	11.40	11.40	11.40	11.40	1548450	NULL
20150824	3040	38.00	34.45	38.00	34.45	192700	NULL
20150824	3047	7.35	6.97	7.45	6.97	1026288	NULL
20150824	2328	11.40	10.65	11.45	10.65	3589635	NULL
20150824	5906	2.95	2.43	2.95	2.43	231000	NULL
20150824	5519	14.50	13.30	14.50	13.30	346290	NULL
20150824	3038	6.25	5.83	6.28	5.83	790095	NULL
20150824	5259	8.10	7.43	8.23	7.43	1525020	NULL
20150824	2495	12.80	11.75	12.80	11.75	1712041	NULL
20150824	2496	7.60	7.60	7.60	7.60	3000	NULL
20150824	1418	3.63	3.63	3.63	3.63	100004	NULL
20150824	3035	25.60	23.85	25.80	23.85	6197525	NULL
20150824	2399	5.65	5.36	5.88	5.36	730153	NULL
20150824	2472	19.15	18.35	19.80	18.35	1303216	NULL
20150824	3032	15.00	13.95	15.35	13.95	807011	NULL
20150824	3432	11.55	10.80	11.55	10.80	667100	NULL
20150824	6269	83.50	79.30	83.70	79.30	13099751	NULL
20150824	1525	60.00	56.40	60.00	56.40	612188	NULL
20150824	1526	12.85	11.90	12.85	11.90	521011	NULL
20150824	1529	4.14	4.14	4.14	4.14	307000	NULL
20150824	2601	10.60	9.54	10.70	9.54	2995876	NULL
20150824	1417	5.69	5.67	5.85	5.67	1836521	NULL
20150824	2929	112.00	103.50	112.50	103.50	1656400	NULL
20150824	2923	21.05	18.95	21.75	18.95	418025	NULL
20150824	6165	12.05	12.05	12.05	12.05	29717	NULL
20150824	4906	12.50	11.85	12.80	11.85	2656134	NULL
20150824	2471	11.95	10.80	11.95	10.80	203123	NULL
20150824	1734	22.80	21.40	23.00	21.40	1448836	NULL
20150824	2816	16.80	15.40	16.80	15.40	1533933	NULL
20150824	3607	52.50	49.00	53.00	49.00	2227462	NULL
20150824	2429	14.00	14.70	14.70	14.00	2999	NULL
20150824	2431	10.20	10.15	10.50	10.15	861757	NULL
20150824	2436	14.80	13.75	14.80	13.75	2504009	NULL
20150824	1440	13.70	12.60	13.80	12.60	4109912	NULL
20150824	5288	57.30	52.30	57.30	52.30	407017	NULL
20150824	1806	6.21	5.76	6.34	5.76	2503463	NULL
20150824	1802	11.85	10.80	11.85	10.80	3396503	NULL
20150824	8996	32.10	31.05	32.10	31.05	308300	NULL
20150824	1808	25.50	23.05	25.50	23.05	1145629	NULL
20150824	4725	11.10	10.75	11.35	10.75	1044100	NULL
20150824	3519	10.10	9.86	10.30	9.86	7136695	NULL
20150824	2009	6.10	5.61	6.10	5.61	366203	NULL
20150824	6230	49.00	45.40	49.65	45.40	1934400	NULL
20150825	5269	105.50	105.50	111.00	105.50	3668196	NULL
20150825	2348	NULL	NULL	NULL	NULL	0	NULL
20150825	3701	9.00	9.00	9.00	9.00	2241	NULL
20150825	9906	20.65	20.65	21.75	20.65	132070	NULL
20150825	3669	12.10	12.10	12.10	12.10	162304	NULL
20150825	9106	3.20	3.24	3.24	3.18	67000	NULL
20150825	1456	5.70	5.70	5.70	5.70	20000	NULL
20150825	2496	NULL	NULL	NULL	NULL	0	NULL
20150825	1418	NULL	NULL	NULL	NULL	3	NULL
20150825	2429	NULL	NULL	NULL	NULL	110	13.25
20150826	2348	NULL	NULL	NULL	NULL	0	NULL
20150826	6172	NULL	NULL	NULL	NULL	70	4.95
20150826	3040	33.65	31.05	33.65	31.05	817500	NULL
20150826	2496	NULL	NULL	NULL	NULL	22	NULL
20150826	2429	NULL	NULL	NULL	NULL	0	13.05
20150827	2348	NULL	NULL	NULL	NULL	0	NULL
20150827	6172	NULL	NULL	NULL	NULL	0	4.96
20150827	1456	5.80	5.70	5.80	5.70	20400	NULL
20150827	2496	NULL	NULL	NULL	NULL	250	NULL
20150827	2429	NULL	NULL	NULL	NULL	0	12.95
20150828	2348	NULL	NULL	NULL	NULL	0	NULL
20150828	1456	NULL	NULL	NULL	NULL	298	5.70
20150828	2496	NULL	NULL	NULL	NULL	0	NULL
20150828	2429	13.95	12.95	13.95	12.95	5000	NULL
20150831	2348	NULL	NULL	NULL	NULL	0	NULL
20150831	6225	NULL	NULL	NULL	NULL	437	3.91
20150831	2496	NULL	NULL	NULL	NULL	0	NULL
20150831	6165	12.20	12.55	12.55	12.20	14000	NULL
20150831	2429	NULL	NULL	NULL	NULL	0	11.75
Check : 
